3870
1238
1010
1297
551
2986
1959
4449
3368
1999
4360
1734
3457
4341
1195
3678
4050
2301
4412
3907
2733
1439
1567
4464
2433
4999
2988
4185
1401
4686
2504
900
3130
2487
1688
1944
1000
1533
4906
2867
3229
2700
3460
1105
4300
2245
1847
2653
1669
1864
4897
4503
2859
4006
3218
1465
3567
1935
4964
2409
2098
4561
2716
1861
4191
1966
3350
3092
1573
2071
4728
3654
4182
4123
3859
3334
4755
3171
4016
962
3490
4880
4536
1199
4514
2334
4379
2235
4780
4369
1621
1427
4254
2099
749
4093
4420
1434
827
1889
1207
2576
1111
3479
1601
3655
3511
1543
3697
2315
3474
3247
2895
920
4197
3663
2363
1371
1564
881
3718
2565
583
1401
1100
1372
2764
974
3132
2538
1396
1136
622
3174
3917
2126
4164
4211
4738
3501
3851
4325
2004
2531
832
3459
1589
1273
3116
4673
1907
593
1164
3522
3904
1374
4455
4962
779
2780
3799
1530
4452
4770
4120
4104
2012
1674
970
4491
1763
1182
3611
3329
1393
4072
858
936
3739
4950
2078
4962
790
3026
4096
1549
4297
2003
756
2475
646
2630
4161
4698
2812
1837
3757
1815
3270
4355
721
4537
2574
765
2401
1519
2149
2353
662
2121
1143
4900
902
3655
4936
1069
4399
4234
3196
2918
3969
3892
2664
3757
912
501
4636
4938
2710
1554
4777
1623
3557
1982
3805
1906
3623
1405
4753
3348
4269
3176
2129
4160
4447
4044
653
775
1626
4729
1687
4044
3404
3556
4741
1940
500
1130
1616
1259
1093
4769
2765
4958
883
2191
4670
1149
1862
3717
1340
2928
4077
3146
1994
4954
2187
703
944
3810
1968
4725
1359
1956
2956
3071
1231
2203
2724
1966
1103
3505
1486
1724
3324
2627
507
2716
2268
2787
1578
3728
586
1212
1181
3754
3417
3311
1608
1295
4906
572
4310
1154
3788
4246
3280
2952
2087
4752
3791
803
3130
3189
3746
1329
911
2611
3989
2843
4950
2631
3358
3179
1116
2742
802
3462
2350
3790
4292
4106
1949
4227
4314
2946
3063
3505
1186
1300
1982
1632
587
1751
1272
4493
747
4754
1800
829
4881
979
2450
4126
4070
2988
770
2369
2966
4093
3235
994
4158
2394
2432
656
4192
1758
3298
4357
3424
1993
2112
2093
1898
3504
841
3613
4108
4313
692
4264
1484
689
4122
3973
1987
4259
930
2678
1998
3130
4757
1228
1933
4133
2212
1213
3508
4392
3055
883
2331
4247
2405
4014
3943
508
2583
2916
1192
4259
3351
3649
2769
3503
1057
574
3949
1936
2126
2475
2250
3074
4873
841
3822
2401
4614
1727
4256
4341
2024
4799
3069
4802
3961
1259
1781
2247
1914
2242
4572
2086
1888
3609
4995
4215
2052
4937
2660
913
3545
3815
852
3958
701
4747
560
3354
3517
783
1139
2414
4133
3289
2913
4240
3215
4488
1054
1121
2649
935
2536
864
4670
986
833
939
1223
1037
3431
3621
2317
937
4887
2264
1674
732
1265
2742
880
1489
2011
4946
4411
1851
3705
765
1041
1038
3019
1817
826
4073
1253
4228
3456
4906
847
4722
1535
4277
2519
652
3565
1499
3823
1967
1215
4477
3849
4055
1188
4958
4305
2977
2194
2310
605
2392
4293
1166
4478
3701
2327
1495
2288
800
2317
2704
609
1320
774
4920
3518
1197
1043
893
1716
1929
503
3649
1764
2792
3877
4864
2088
1134
3271
2236
4311
4194
969
3968
4645
4555
630
1738
2112
1856
802
3709
1355
1294
1827
2092
2025
4405
3393
1414
852
4170
4654
614
3394
4605
3687
4363
3575
3094
2077
580
909
2500
2229
2198
3378
901
736
3312
3029
1419
4272
4820
3846
1400
3187
2577
4391
4638
623
2898
1412
3515
4451
2804
554
3153
4408
1404
2807
674
669
1269
3011
1301
765
2160
3384
1301
2054
2481
4319
1410
3603
844
2929
4577
1369
1454
4788
1531
1708
4315
3266
3595
2850
2553
2868
3518
4207
3053
3004
1247
1440
612
3875
2175
1871
3631
2975
1241
1700
3362
646
2700
3287
3406
1357
1385
649
4805
1492
3447
4593
1061
3032
1793
1845
4389
525
884
4907
3234
3149
4050
1347
3413
4592
3595
4470
4117
1032
1365
3413
1447
3341
2303
4707
2605
639
2631
4105
2914
2115
2245
3944
796
3921
4461
1599
4452
4341
4597
3421
4381
2923
3120
2599
1882
4228
4784
4350
3494
1889
3642
813
1112
1068
1366
1416
3678
2870
1062
1525
4649
3389
4384
1888
4026
4274
2223
882
1836
2410
523
838
4117
4870
4009
3633
4098
1333
4978
2707
3903
766
2004
4993
795
3110
667
2663
620
598
2302
2861
2600
4186
1965
2403
2025
3358
2069
2058
3778
1382
4154
2339
674
4516
1533
877
3652
735
2987
3195
4657
2188
1827
2767
1883
2754
1958
2692
1482
1041
4270
2829
1610
4853
2646
2894
4504
1991
2543
679
4667
1871
3753
1456
4544
3095
1411
4229
3874
1949
2213
2363
4755
1344
3159
1347
4881
3739
2892
1221
921
1611
864
3955
1255
1958
929
3290
1324
4646
2775
1140
4874
4690
2812
1472
1785
1879
3665
1730
1717
1241
2414
1492
3989
4795
4086
611
1557
516
2017
2703
920
4136
3623
4162
2731
1074
1896
723
3656
3447
659
1486
966
2334
1244
2383
2502
4525
1344
3439
2180
4651
1040
1223
1175
1081
807
2719
2058
2615
2331
4661
2279
2143
2510
655
3251
2002
2556
1824
3294
3102
4738
1163
1585
4188
3861
2696
4465
4111
1746
1131
1730
3840
4988
1092
1644
3302
3136
4325
3803
3155
894
4183
3276
613
3931
2527
3256
1195
3696
4420
2191
2167
560
2151
1235
3029
2694
4378
4084
4214
3578
2110
3475
1975
3079
4139
3659
2967
4293
3703
3561
4872
4917
4602
2869
3667
4323
2548
3890
2499
1620
727
3870
1038
2637
2863
1799
3719
4285
4200
2436
2475
3825
1752
4622
1825
3310
2661
2720
3111
2619
3337
4870
2853
2564
2061
3300
3771
2383
1450
4857
1369
4225
2597
4448
620
3932
4839
941
1932
1100
3649
1460
3511
1680
2317
2449
2915
3087
3954
4871
2063
505
3876
4027
1700
4276
3646
4650
2785
697
934
3433
4925
1533
3217
4141
1384
1980
4029
4002
3333
3428
4086
2376
4714
2806
3997
1637
4513
4018
1203
4718
931
3675
1827
1549
744
1443
2826
2686
940
2347
2983
1464
3325
4076
2952
4922
3965
4050
643
2915
637
4828
4100
886
3504
2404
3477
4332
3292
3607
3633
3264
3739
2279
4292
1577
3724
3311
631
2096
3906
2930
3911
989
3215
631
3074
2501
2253
648
2711
620
3490
962
2473
3888
4970
3072
3373
2319
2688
1005
906
3552
3659
2195
3573
2097
2015
2191
2423
1509
675
3286
1500
3106
717
539
1372
2187
1928
4341
1259
4111
3450
796
4294
3791
4170
4257
4006
2484
2817
2052
3932
4311
1486
4504
4071
2288
2407
2479
1538
992
4128
3212
4872
4310
1557
771
3729
2926
1812
695
1637
1617
1084
2746
3049
1337
4506
2632
1182
3549
929
2439
3919
4323
1174
2676
1329
4706
694
4534
515
1151
2593
4095
1269
1004
3928
2261
3610
4974
3485
2751
2441
898
2925
546
506
1626
3275
3868
4205
3684
4492
4415
3075
2363
4562
574
2351
1476
1757
4768
2932
4014
1396
1730
2791
763
1069
1889
2565
1877
3573
3849
546
3783
3174
3356
1074
2265
3943
4499
988
846
4819
2257
860
4798
731
4367
2388
1802
1625
2271
4078
3772
1398
4119
838
2180
2864
1876
1994
2151
4950
3695
2302
3121
3236
1880
2402
3155
600
4704
4357
1898
1788
1236
2258
2610
3197
4718
2076
1805
3064
2047
833
3673
4824
3038
2979
2351
3298
2065
4323
3732
1422
841
3774
3445
4549
4045
793
920
3833
4526
1497
1612
2291
4911
4476
4727
3676
4211
4122
4142
3079
4766
4104
3358
1230
770
4606
2146
3657
2361
2501
1523
927
3700
3963
1379
2399
2418
4945
4228
1545
2062
2834
3171
3801
1953
1334
1506
4106
3435
2164
521
4771
3942
3554
1616
2231
3984
2304
2182
4746
1579
2130
2565
4151
3896
3298
672
4503
2465
1079
635
4138
4275
3614
1562
1493
4575
1478
3842
3860
3801
4454
3191
4247
2138
2905
2932
840
3545
1352
4753
635
4767
2774
4372
4325
4908
3354
3586
3877
2093
1190
1925
2151
1528
1266
2998
3044
776
3243
3514
1175
4652
3638
1354
1106
3603
2906
1924
1704
903
596
2988
1726
2315
2233
3432
3344
4828
3443
1212
4275
2436
3219
2952
1215
4493
4713
1224
3597
3910
4798
4750
2034
4822
1902
3346
2691
752
2485
591
1910
827
4999
4469
1410
2780
734
1285
1609
2258
3020
1360
1582
2894
4602
2304
2202
2937
3925
2475
3116
2023
1509
4387
2040
1213
2113
3433
3598
1725
2699
4888
3385
1949
2487
4050
690
3754
3498
596
1177
1453
3992
2815
2263
4981
3670
3839
2938
1251
4035
4612
3886
2888
653
1370
910
2432
3578
4704
602
2551
2744
2168
3043
1441
3299
3674
3385
4743
2485
1526
3342
4321
4947
1208
2969
720
3095
1062
3582
3744
1418
2077
2812
4256
2855
3219
1252
2331
4552
3059
2470
1345
2342
2251
1335
2511
738
1766
2558
856
518
1809
671
3531
1245
2863
2985
1108
1797
2965
2580
2002
2585
987
975
2934
1333
4189
1217
1802
2056
3586
565
3130
2495
3225
1714
3640
815
1654
2458
1550
676
1861
1082
3015
3856
2234
2849
4241
905
1785
3875
2581
1595
2969
729
4865
2141
2488
4070
3015
3593
817
1171
3846
3182
2575
2838
3522
625
810
2322
3376
2840
1526
3287
1270
1992
1600
4691
3143
1633
2410
1609
675
2329
3216
653
1518
1130
3176
3640
3688
4294
4054
4983
1705
600
4228
4499
4557
4268
566
2970
4151
3708
2883
3312
672
4119
4818
680
4402
1017
2657
3074
4014
1201
1864
4510
3069
2435
3673
2275
2439
4672
3085
4136
4688
2223
582
4053
907
2755
2563
663
2682
1156
4063
4184
1735
1017
2470
2206
3410
2577
1389
4759
3244
2381
4726
3988
2461
2744
2477
2067
4172
4379
3010
537
1633
2928
1805
593
3167
4373
2182
4889
1524
4900
1694
810
2304
1052
4131
4002
3102
3557
2358
755
854
3610
1531
1740
3305
4377
3385
1721
1257
1869
624
4804
2715
2268
3002
1396
2796
3935
2779
1095
1086
3720
4498
3361
4832
659
1229
1425
1914
541
3216
2864
1079
4595
3534
3438
3645
1011
4900
2243
2082
4081
2909
4042
4462
2396
648
4972
1775
2564
668
1994
2396
2140
3287
877
3967
2989
1806
3018
2574
1832
3772
3536
965
3794
4441
2979
2590
4321
2106
3979
2191
2249
3593
1249
1829
2756
1110
4906
1285
2355
1488
1154
758
1885
2597
2720
2120
2559
4688
4578
3352
4506
2124
3480
4353
4129
2748
1941
1168
4860
3157
4086
4393
1301
3162
4100
3608
4516
1609
3155
2705
1641
1773
2604
3204
3233
1465
3886
672
1962
2316
2707
1020
2817
1249
4701
4130
1961
3217
3506
4739
1761
1283
2439
3782
596
4764
3231
3689
3981
2407
896
1781
4381
4899
2694
959
2937
1369
2021
2142
4019
967
2592
4315
2493
685
4105
4672
2718
2452
3967
4096
1927
3030
3707
1249
4327
2394
4038
1939
4861
4956
4067
1031
1299
3290
3419
2204
3866
4772
1197
1137
3510
4701
2692
2016
2586
3239
2055
4136
1179
992
654
4342
3955
3819
3841
4422
3349
2781
1179
2388
4894
3187
2303
2416
1692
807
4644
1431
1266
3330
2234
3161
3315
1910
4330
1897
3473
2895
1982
721
1603
808
4787
1536
1663
4457
2282
4256
3942
2718
3732
4390
3732
1827
3202
2872
3626
3708
646
3099
1965
1908
3340
2045
2003
2383
1495
4966
1484
4611
3640
4471
1936
1826
4307
3562
1399
2653
4640
3740
4563
3439
1274
2412
4767
4091
1138
4150
1220
3544
4329
2697
4809
1052
2085
1875
4385
4806
3719
1192
3725
1751
2673
3114
560
3010
3018
1731
2380
1346
2300
4288
1997
2292
1258
4586
4944
4344
4440
1779
4422
1739
1313
1398
1621
3985
1196
591
4933
1191
796
1539
1467
4375
2988
1846
1820
924
764
2711
2234
1024
704
4234
1035
4662
1366
1083
4618
4077
2613
2980
3694
4060
2785
2551
1390
4062
670
4016
1089
1335
1968
582
2146
2303
675
3158
1933
2178
3838
4518
2979
3217
2804
2456
4646
4022
4483
4938
1831
1365
4976
4596
3595
3708
2653
2775
1540
3746
516
3217
4851
4708
3039
1376
3871
1007
525
2387
2705
1967
4941
2915
1280
3860
979
2454
4621
2323
4942
4195
1452
1236
3691
4453
1571
3609
1571
4325
2751
3270
3046
4127
715
4014
1342
1485
1678
4822
1726
2554
3501
4679
2119
1402
4311
2325
2479
2008
3920
2940
1627
3246
4957
959
1193
3920
4896
1342
1225
2119
2030
3065
4970
2371
2046
2187
3497
2654
1018
2272
3533
3968
3857
4565
3991
1797
3698
3401
4989
2197
991
4576
1884
3114
1941
1114
3176
1407
2961
3740
4166
935
3432
4389
3398
3033
1028
1046
1613
4537
2640
639
2145
500
3099
1275
4958
1449
2421
4915
1584
2248
4075
1954
1197
4718
908
566
2660
1710
2573
2030
4503
4326
2573
667
4175
2734
2245
936
2458
1743
2241
3728
856
1306
3788
4708
3809
3429
744
3433
2980
1042
2410
4111
923
2589
1689
1298
3556
1917
1092
4142
1067
579
4677
2388
2870
4457
4098
546
3040
2924
1749
1884
3038
4342
4211
2943
1725
3618
1678
1021
3677
2415
1352
4827
4250
2979
3815
3456
3439
2727
3913
3700
3776
4092
640
4960
3107
3436
1145
4441
3759
1488
3498
1267
3202
4856
2310
3393
854
1486
2703
1934
2179
3933
3849
3145
653
4644
2233
3944
2311
4646
1529
2614
3973
3719
2373
701
3908
2977
4144
3266
2265
1338
3870
2085
1417
2803
517
3562
3374
2525
4067
2346
2228
1153
688
648
3778
640
3546
2624
3047
1948
2211
1673
1213
776
586
1030
3054
3930
4003
1891
3614
1291
1156
882
2038
1496
1482
1942
1598
1959
3323
3878
1257
560
4812
3559
518
2308
1062
3429
550
3866
3101
1102
1508
4609
4732
3898
1819
633
4623
964
3362
1342
1350
4419
1415
3559
2412
4430
3860
1989
4294
3435
4391
4390
4344
3049
1370
1407
4651
2682
3921
958
2163
2142
4570
2207
621
3187
1899
1773
1846
1791
2279
4037
2706
1394
3534
1158
4124
2749
548
3326
2684
4421
3146
2421
3227
4538
4590
4264
704
4550
892
2945
4305
570
4890
2164
3828
3089
4406
1658
3074
2635
4914
1467
1231
753
1676
4988
4176
4469
4600
2139
1272
3768
2809
3928
1143
3975
1828
3709
828
3007
1026
2888
3849
3683
4265
674
2709
1370
3117
1010
1730
516
1265
1710
1506
1040
3985
2559
2829
4552
4075
3237
2334
617
4837
978
3761
3046
4585
922
3203
2640
3611
1213
2769
936
4933
839
2154
1142
2248
4633
2434
2051
2179
3302
2590
701
4193
1551
2749
1223
4816
3230
1366
2633
1341
634
4039
2553
4828
650
3932
4483
4380
4286
4742
2954
700
3612
1911
2616
581
1060
3119
3201
3415
2671
4308
2488
1343
1838
4097
4683
4946
2938
3249
2100
2604
2652
2155
1660
3094
3533
1351
3639
671
4896
3006
4726
3245
2801
2341
2828
3050
4572
1491
4107
2397
2317
4237
1517
1446
1440
858
870
4959
4284
4169
1630
4021
1251
3383
2120
3585
1452
2685
1836
3473
2376
2459
3332
4092
3056
700
4213
3091
3532
560
4358
1816
4426
3731
891
1594
3569
4845
4087
1371
4104
2474
527
2107
4443
501
3301
4819
514
1439
1529
3217
581
2630
3707
4894
2613
4427
4778
2678
2528
4274
1898
1746
4815
3584
630
1105
1892
1233
1744
2109
3374
1118
1154
4056
2239
2983
3251
3319
2808
2324
3873
3486
2506
3410
4221
517
3657
3584
2786
4893
2755
4418
970
1068
3653
4249
887
1521
2177
3087
3597
1814
1169
2249
2971
3250
3761
3222
2103
3522
2284
3524
4450
507
1151
2977
1402
1099
1482
4481
3348
3545
3476
696
1878
3606
4311
1075
2342
4027
1531
2976
1387
3512
4888
552
3238
4113
4708
550
2980
1016
2963
3394
4830
2908
3899
1187
4085
2797
3582
2152
2815
862
2694
3339
4786
3687
1445
2866
837
551
749
3959
3095
807
1691
1971
607
1667
1850
4845
1669
2921
1373
3369
501
3989
3512
1773
2684
1024
4687
3800
4950
4874
4933
3669
4675
901
620
1394
3500
2299
740
4570
1976
576
3202
3236
4534
4605
3134
1306
2063
3844
3050
1833
4150
3628
906
3313
1469
4927
967
3787
1892
4943
3012
4935
3109
1772
3948
1693
1522
1842
4882
4010
4413
2023
4567
1576
4048
1432
3909
2185
1553
4602
785
2649
3002
1078
607
3941
3682
4443
2795
3024
3297
2726
2943
1145
4401
4542
572
1318
4029
1583
2215
3033
1845
1662
4362
4948
4454
4310
1103
2383
3777
3359
605
1947
1251
549
1682
1207
3677
3877
2767
3055
4662
3620
1136
4388
2402
1184
3218
2379
4952
3558
3542
1438
2479
2412
604
1393
1982
1891
2928
770
3259
749
1845
3607
4034
3973
4054
4791
2365
709
3979
4589
2947
2301
1011
3311
1267
3489
3488
3049
1264
1119
2385
4374
1248
2158
1735
1284
2712
4974
3435
4935
1049
4900
1030
3196
1729
2295
4362
2453
3757
673
1999
2000
587
2849
4584
3162
2323
1410
773
1259
2746
2745
1994
1143
572
4753
2562
1485
3509
3827
4548
2624
4781
3842
1592
2729
2775
2777
2323
2685
4520
3707
4910
3070
3231
2048
698
1163
1849
3392
2591
656
2382
2343
2451
4321
716
2855
2932
3272
2853
1353
732
1669
3230
3067
909
1939
1990
2742
4624
1192
3643
4942
1510
580
1783
4965
877
1342
2333
2645
4094
3662
3599
2068
4527
4121
4850
1937
3051
4349
4248
3721
4079
735
3205
856
2014
2866
2782
3421
4056
4865
3916
3542
4553
4591
953
820
947
4739
3989
3820
4473
1206
1726
3322
4779
2871
1595
4111
1545
1732
2380
3812
808
2939
2966
849
3231
1995
4872
3291
1159
4146
3934
1460
711
1435
3364
1315
3863
4376
4106
2556
3057
4981
684
2552
1614
721
1109
1280
732
1864
4148
3181
2378
3220
4553
536
3554
3141
3563
1508
1670
2326
2650
3100
2765
811
2522
1749
4837
3777
4621
3201
4661
4244
1259
1006
1060
2388
2403
3720
2221
4445
4305
2598
676
2038
3680
1928
1863
4034
826
4436
3687
4879
1999
2740
3764
4082
1636
4788
4352
4270
4499
3620
4156
1627
4169
3199
2946
3417
3251
4948
4808
3071
504
1738
2213
2419
4059
2263
4150
2573
3391
3711
967
4382
3054
4479
4420
1830
4107
1930
2556
3515
2622
1782
2442
2546
2249
3560
4889
1819
3308
2677
3840
3381
2018
1285
2496
3305
4108
2752
677
1415
3364
2923
2201
3832
4304
2375
3508
4716
910
1245
4021
4269
2527
1215
4794
4588
2269
2416
3048
4865
646
4181
1371
893
931
3519
2259
3948
3710
2501
2315
2182
622
2474
775
1122
853
3744
3923
1594
2770
4744
1655
4920
4595
2347
2440
1304
1031
2778
3803
3831
2373
3184
4316
1370
1361
2595
1923
1621
1437
3661
1798
1431
527
3598
1261
965
1594
1262
3517
4013
1913
4512
2915
2824
2016
3593
3630
3961
1600
4801
1932
4670
864
752
1179
4474
1805
3094
4112
673
691
777
3688
2475
674
4331
2718
3485
1374
2145
4998
1024
4018
2973
4019
801
1660
602
3612
1699
2522
1941
3250
3135
2286
3917
4872
4022
2362
2007
1153
3545
2715
3266
4859
4072
3107
3629
1982
1043
2221
3702
3136
3486
3628
3651
2786
1417
1605
3949
1147
4685
3362
2514
4805
4763
1775
806
605
2062
4400
4831
1929
1169
4177
3511
2814
539
915
3142
3409
921
4280
3662
4367
2498
3407
4045
2753
4255
3904
3208
3508
3765
2016
2485
3176
1826
2866
2616
1251
1219
3898
1407
3595
557
1219
2316
2789
2765
2363
4852
3259
4408
2887
4134
4613
643
1718
4517
1999
4402
2802
3540
2755
4003
2601
4061
542
968
694
1816
3348
4182
1852
3285
833
2653
1452
4359
3464
2137
3904
4470
3966
1809
2809
3707
4975
4550
2757
3042
3059
4522
1687
4147
3705
1155
2096
3451
2399
4786
2490
2740
4282
2475
1958
978
2117
2386
556
2229
4184
2710
4598
1063
4882
3862
3972
4602
3588
1341
2895
2531
2035
1696
4029
4171
585
4484
2165
1333
4383
3659
2310
4211
4828
1604
1204
611
3300
2178
4667
2518
1818
2236
4422
1633
2183
597
2045
1389
3513
722
2794
3115
2953
1539
692
2478
4097
1560
2318
3681
4897
1992
1268
4639
3056
2469
4992
3662
2739
2870
1513
3276
3514
1221
570
3120
1273
3016
3910
2454
3139
2606
3345
980
1169
822
601
4513
3386
1403
1594
3435
1112
3615
3874
3162
1649
4055
4819
1739
4566
1732
800
1476
1827
2276
4028
4476
4863
4753
3966
651
2674
2413
3900
4330
600
1341
1701
1713
4713
1940
640
2982
3764
2649
3412
2084
970
2550
4618
4421
879
3970
4008
1786
3263
3938
4942
2445
982
919
4193
4031
1014
2693
3879
3585
4455
1943
4399
3876
1309
936
3850
3292
3585
3709
3393
710
2603
1064
3059
2845
1211
4719
659
4447
2950
793
923
3687
2050
1844
1358
2591
1906
2984
1130
3993
4334
1072
4943
566
3578
1003
660
3408
3369
3212
2637
1689
1561
1334
3030
2388
4179
1649
1493
3113
3840
2357
4603
1944
1299
673
4194
4472
1844
4526
555
953
2868
4879
3578
733
3852
2133
885
575
1189
2334
2441
4739
3315
3969
1150
1996
3195
2417
3178
606
1460
1930
2734
3346
763
3620
2603
1668
2835
685
3466
2134
4363
2211
588
1507
2018
4434
3136
2867
1337
900
3090
2706
3981
1580
4935
4336
659
1366
766
931
1981
698
4664
1886
4653
4470
3258
4313
3046
3806
1801
1755
824
3194
1509
4574
726
2739
3944
1904
1476
2528
4753
1949
2457
2456
3454
4628
1371
1301
1469
2299
903
1096
2285
2987
918
3781
3717
2726
3611
1379
2498
3168
2224
960
1806
2573
1291
1323
1042
4892
3075
3509
962
767
1904
585
2441
1807
4109
1210
3652
2225
2031
2221
1179
2090
1925
3955
2874
4784
4874
1836
1537
987
1577
3354
4103
4308
1278
4815
2364
3712
3575
2675
4936
1811
4385
3171
2855
2416
2571
3373
4689
3850
3121
4847
1982
3003
3736
1437
550
3019
4933
3902
2566
3102
1967
1111
753
2924
2350
3310
2346
4601
4151
716
659
4972
4700
3251
3536
4078
3353
2170
4909
4169
3630
4726
1623
2055
908
2923
1450
4949
1947
4149
1739
2818
2482
1447
2142
1738
1602
2360
2213
1460
1128
3119
2468
761
802
3560
1433
564
921
924
606
3148
4726
3314
2280
2721
1977
4310
1236
4872
1551
3715
4100
1801
2236
937
793
3901
1296
1443
2185
4710
3859
2220
4581
3639
1181
905
2843
3484
4413
865
807
1156
4203
1420
1255
2614
1463
2648
1764
1954
1259
1235
4301
4376
3985
4812
519
4774
4882
1991
4382
2033
2766
4351
2389
1247
3549
535
4055
2886
4997
1073
2470
3171
4323
2521
1479
3154
1801
2157
4807
2314
3130
787
4606
3892
3391
2949
4200
1444
2475
771
3432
3808
4851
4843
4051
4717
1624
3633
4908
2812
4838
2612
2780
2960
2178
2348
4286
1366
4252
660
1702
1307
3519
4210
2786
3081
3948
4324
964
2199
917
1511
4547
751
3878
4146
2786
4455
4650
3144
4215
2038
3070
796
3157
1490
4562
2437
722
2531
3736
1346
2130
1251
3181
1031
1774
1321
3262
1962
4398
1981
543
1849
1659
4259
831
2484
934
598
3386
2193
896
3690
3964
1615
1892
1883
1679
4102
3883
2494
4477
3044
3080
4182
4193
1643
4884
1032
3443
4628
2862
3333
4089
994
3748
3810
1351
1633
2280
4156
2682
724
1729
4565
3635
4814
2051
2931
2300
2454
4875
2396
1130
2222
2283
3556
2829
2770
2179
1033
2499
1863
781
3790
1948
4559
4641
3320
3349
2230
1274
4098
4396
2396
1945
4475
2150
1577
1831
3318
3687
3174
3985
2569
2914
4533
1938
3445
1849
2859
1798
1468
3510
2912
2311
2829
4849
600
2757
3536
1708
2486
3595
2017
3130
3228
2872
1898
1590
4846
1049
857
4005
3682
1387
3544
3232
743
2409
4053
4917
4916
1895
4069
2201
2896
1695
3302
4451
4512
684
993
3499
629
2676
4463
2059
3250
3560
2514
1923
3469
3388
691
1788
1527
1682
3799
4377
2508
877
3664
849
4723
1422
716
4448
2182
3492
1189
1714
4507
3431
2421
4946
3744
3739
2731
4130
3855
4412
4183
1720
2198
2089
4639
2431
1762
588
4474
4763
3842
4221
1876
1248
4370
3307
3285
4591
2835
4693
599
3702
2294
1899
1646
4244
3096
4531
4655
1600
3268
3205
2280
4363
2700
3494
517
4872
2426
3031
3012
2352
2640
624
613
3594
4802
3869
1475
2734
4901
3020
2851
2037
3088
3481
787
1214
4363
3706
2707
2137
2804
2132
3284
4336
2424
3678
1147
2888
931
895
2033
744
4616
3964
3008
4770
2696
2297
4308
1019
2171
4356
1523
3882
4951
1648
771
3987
4721
4962
1204
3859
4059
4805
2472
4100
4521
4475
3595
3414
638
4458
2843
2971
1558
4725
1631
4635
725
1037
3389
4942
3255
4056
1160
3277
4602
3778
2696
4006
4013
4377
4864
1574
4884
2099
2959
674
3803
1167
2456
4228
959
3252
4773
2970
1812
2982
4813
4096
2676
3606
1861
3354
4545
2895
1749
1719
3074
1200
2113
2626
3321
4528
4462
3621
3335
2018
4574
2057
4098
4913
4103
1288
4178
2218
2299
1534
3094
1991
2675
3848
1651
3165
1279
3826
4685
2407
4667
4811
635
532
3844
3780
3752
2923
4055
1345
2107
2008
2950
1313
2019
4089
1092
2550
3742
731
1142
4345
4917
4094
4982
3598
3900
3106
3382
1811
4704
913
3915
1421
1054
3059
4801
4936
2876
3993
2782
1622
4743
3351
839
562
2947
1614
4910
4570
1966
3355
588
3823
4336
1036
4502
3301
3396
2315
3631
3087
2022
1636
982
2452
3744
3710
4871
4186
4075
775
4148
579
579
4759
4944
1682
1087
3420
1624
4467
1433
3897
2734
2074
4407
1320
1392
889
3386
2622
3383
1281
3384
4740
4777
2258
911
1338
2733
3669
564
662
1806
4770
951
3261
4050
3256
3090
1698
720
3583
4635
919
3353
4583
3439
682
2308
1773
2843
1066
3833
4413
4145
706
4073
850
1668
1966
1563
1056
2034
2466
4844
1927
1493
2613
2461
4116
3325
1812
1325
3930
3358
1295
2888
890
3726
813
3306
4174
3289
2927
4912
3504
3500
2835
1933
1756
1240
4927
632
1458
1859
842
4448
3427
3646
4576
1392
2421
2545
3656
832
4989
833
4392
2359
1073
4078
1861
2171
4387
3155
2331
1801
3884
1553
4741
3767
1795
3369
3319
4247
2060
4787
1546
4522
1198
2278
4426
832
3040
4226
1054
1572
3417
1845
1073
4940
3783
2311
1516
3344
1518
2851
4849
4608
1187
2923
817
748
1317
4531
3900
3075
3876
2352
4573
3007
1835
2405
2559
2347
3437
3044
1339
3563
2427
2005
4906
2575
1461
4373
695
1595
1576
1091
3701
1467
1114
1642
3342
4308
4460
1007
3283
4408
4704
1128
2130
1327
3758
1685
1607
4505
4798
4300
1250
1980
4055
2317
3380
3143
2133
3682
4905
1972
3888
4482
2426
565
4809
3283
4611
3249
4227
3684
2106
3104
1752
3808
2050
4691
2857
2061
3793
2706
2203
4823
1035
1185
3941
3896
3231
4631
1154
3951
4540
4305
2457
3952
758
1022
4572
2303
1313
2711
4585
3000
4672
3692
3754
3403
1919
1704
2268
2606
591
2829
2289
4461
1340
3272
3096
2401
2746
1879
1962
3947
3863
926
1816
3857
4422
2213
4910
1659
1904
2634
4110
857
1175
2996
764
2433
2362
2334
4754
2355
1161
4206
2591
648
1886
1183
2662
3650
2906
2954
4532
2028
2683
2099
1922
2739
2319
2374
1078
3382
3808
1385
1192
3712
604
4882
2336
4218
4665
2191
4767
3545
686
567
1740
1507
1583
3651
2094
3695
1148
4501
555
3891
3957
3804
504
4696
4964
2734
2100
4214
3256
4151
1501
1204
709
2671
1335
4497
1666
2201
1832
3217
1348
3109
515
1816
4023
567
3775
1307
1030
3922
3950
2489
710
3384
801
960
4644
2161
2756
3631
4854
2231
662
2062
4289
4470
1227
4343
1587
2287
2456
4888
2453
2221
3017
730
3889
3201
1180
2240
3140
1748
1601
710
3780
2729
4442
2405
829
1642
1661
2417
1975
4557
1556
3437
707
4602
3541
1138
4176
4474
4613
1826
4766
3974
4130
4067
1744
1004
3171
1386
2671
2998
4259
1898
1772
4354
4582
3035
1668
2385
4083
2402
1056
4670
1246
3350
4152
1766
508
803
2738
3900
1130
3270
1135
504
4377
4696
3204
1087
3507
925
1960
1385
828
1328
3174
4617
1611
4879
1430
3443
2631
3875
4863
3803
3476
1848
3459
3844
2059
4867
1762
3214
2301
4834
1370
3055
2743
563
1402
3538
3139
2928
3026
1382
4394
1392
1955
3344
1971
1670
3894
4114
743
2924
1738
3568
3188
4983
4359
1864
3897
3197
4444
2142
3082
4398
4181
3629
3291
4971
2484
3358
2628
925
1669
618
3152
4577
2340
2741
1095
3173
4898
1245
3434
4041
4652
2965
3738
935
4830
1122
717
3725
2174
4057
4178
1785
3107
616
1668
3047
4975
4747
4444
3426
743
1226
1177
1757
1228
4741
1058
3105
3591
3601
1724
1211
1023
4105
4310
4402
1601
1191
4896
3214
4867
4609
2173
2233
2322
3623
4832
3142
1171
4528
1609
1749
4371